 N      R            V           DV/DR          RHO            P '          XNH         TEMP        TAUROSS      COL.DENS.     CLF
  1    121.1       0.9933       0.5535E-04   0.9309E-18   0.2720E-05   0.3949E+06   0.2249E+05    0.000        0.000        1.000    
  2    118.6       0.9932       0.5763E-04   0.9694E-18   0.2832E-05   0.4113E+06   0.2253E+05   0.3797E-06   0.1111E-05    1.000    
  3    68.57       0.9882       0.1727E-03   0.2917E-17   0.8537E-05   0.1237E+07   0.2264E+05   0.1645E-04   0.4809E-04    1.000    
  4    42.33       0.9808       0.4542E-03   0.7712E-17   0.2269E-04   0.3272E+07   0.2276E+05   0.3952E-04   0.1155E-03    1.000    
  5    29.20       0.9722       0.9562E-03   0.1634E-16   0.4858E-04   0.6934E+07   0.2298E+05   0.6565E-04   0.1917E-03    1.000    
  6    16.08       0.9493       0.3172E-02   0.5520E-16   0.1672E-03   0.2342E+08   0.2350E+05   0.1436E-03   0.4184E-03    1.000    
  7    12.77       0.9360       0.5052E-02   0.8885E-16   0.2741E-03   0.3769E+08   0.2383E+05   0.1833E-03   0.5337E-03    1.000    
  8    8.906       0.9080       0.1046E-01   0.1881E-15   0.6019E-03   0.7982E+08   0.2442E+05   0.2723E-03   0.7918E-03    1.000    
  9    5.493       0.8497       0.2795E-01   0.5285E-15   0.1763E-02   0.2242E+09   0.2551E+05   0.4770E-03   0.1382E-02    1.000    
 10    4.356       0.8093       0.4500E-01   0.8826E-15   0.3040E-02   0.3745E+09   0.2630E+05   0.6117E-03   0.1770E-02    1.000    
 11    3.787       0.7797       0.6010E-01   0.1212E-14   0.4275E-02   0.5142E+09   0.2690E+05   0.7119E-03   0.2058E-02    1.000    
 12    3.218       0.7392       0.8434E-01   0.1771E-14   0.6439E-02   0.7512E+09   0.2770E+05   0.8550E-03   0.2468E-02    1.000    
 13    2.582       0.6715       0.1342       0.3028E-14   0.1152E-01   0.1285E+10   0.2886E+05   0.1113E-02   0.3205E-02    1.000    
 14    2.263       0.6224       0.1779       0.4250E-14   0.1669E-01   0.1803E+10   0.2970E+05   0.1309E-02   0.3764E-02    1.000    
 15    1.945       0.5556       0.2478       0.6444E-14   0.2634E-01   0.2734E+10   0.3078E+05   0.1598E-02   0.4585E-02    1.000    
 16    1.782       0.5109       0.3017       0.8356E-14   0.3502E-01   0.3545E+10   0.3150E+05   0.1804E-02   0.5170E-02    1.000    
 17    1.618       0.4557       0.3764       0.1136E-13   0.4893E-01   0.4819E+10   0.3238E+05   0.2078E-02   0.5949E-02    1.000    
 18    1.536       0.4230       0.4255       0.1358E-13   0.5942E-01   0.5759E+10   0.3290E+05   0.2252E-02   0.6442E-02    1.000    
 19    1.454       0.3858       0.4858       0.1661E-13   0.7410E-01   0.7046E+10   0.3347E+05   0.2462E-02   0.7038E-02    1.000    
 20    1.373       0.3430       0.5617       0.2097E-13   0.9567E-01   0.8896E+10   0.3412E+05   0.2724E-02   0.7781E-02    1.000    
 21    1.291       0.2932       0.6606       0.2774E-13   0.1296       0.1177E+11   0.3486E+05   0.3065E-02   0.8744E-02    1.000    
 22    1.219       0.2423       0.7761       0.3761E-13   0.1796       0.1596E+11   0.3555E+05   0.3463E-02   0.9868E-02    1.000    
 23    1.148       0.1815       0.9409       0.5662E-13   0.2766       0.2402E+11   0.3633E+05   0.4039E-02   0.1149E-01    1.000    
 24    1.113       0.1460        1.058       0.7495E-13   0.3696       0.3180E+11   0.3665E+05   0.4441E-02   0.1262E-01    1.000    
 25    1.077       0.1056        1.225       0.1106E-12   0.5491       0.4693E+11   0.3689E+05   0.5012E-02   0.1421E-01    1.000    
 26    1.041       0.5737E-01    1.526       0.2178E-12    1.081       0.9240E+11   0.3690E+05   0.6029E-02   0.1704E-01    1.000    
 27    1.024       0.2745E-01    1.899       0.4712E-12    2.308       0.1999E+12   0.3660E+05   0.7110E-02   0.2000E-01    1.000    
 28    1.019       0.1857E-01    2.112       0.7027E-12    3.390       0.2981E+12   0.3622E+05   0.7576E-02   0.2126E-01    1.000    
 29    1.017       0.1368E-01    2.289       0.9577E-12    4.550       0.4063E+12   0.3577E+05   0.7908E-02   0.2215E-01    1.000    
 30    1.015       0.8277E-02    2.607       0.1590E-11    7.292       0.6746E+12   0.3468E+05   0.8425E-02   0.2352E-01    1.000    
 31    1.014       0.5216E-02    2.933       0.2529E-11    11.13       0.1073E+13   0.3334E+05   0.8852E-02   0.2463E-01    1.000    
 32    1.013       0.3513E-02    3.241       0.3759E-11    16.09       0.1595E+13   0.3244E+05   0.9184E-02   0.2547E-01    1.000    
 33    1.013       0.2581E-02    3.503       0.5119E-11    21.59       0.2172E+13   0.3201E+05   0.9423E-02   0.2607E-01    1.000    
 34    1.012       0.1552E-02    3.331       0.8516E-11    35.39       0.3613E+13   0.3166E+05   0.9805E-02   0.2698E-01    1.000    
 35    1.012       0.9950E-03    2.388       0.1329E-10    54.97       0.5638E+13   0.3156E+05   0.1022E-01   0.2793E-01    1.000    
 36    1.012       0.7063E-03    1.419       0.1873E-10    77.60       0.7946E+13   0.3154E+05   0.1080E-01   0.2919E-01    1.000    
 37    1.012       0.5727E-03   0.8813       0.2311E-10    95.93       0.9803E+13   0.3154E+05   0.1145E-01   0.3056E-01    1.000    
 38    1.012       0.4089E-03   0.6201       0.3238E-10    135.0       0.1374E+14   0.3152E+05   0.1293E-01   0.3351E-01    1.000    
 39    1.012       0.3122E-03   0.4653       0.4242E-10    177.4       0.1799E+14   0.3151E+05   0.1464E-01   0.3675E-01    1.000    
 40    1.011       0.2243E-03   0.3269       0.5905E-10    247.8       0.2505E+14   0.3153E+05   0.1771E-01   0.4223E-01    1.000    
 41    1.011       0.1705E-03   0.2424       0.7775E-10    327.4       0.3298E+14   0.3161E+05   0.2147E-01   0.4854E-01    1.000    
 42    1.011       0.1341E-03   0.1870       0.9883E-10    417.2       0.4193E+14   0.3169E+05   0.2606E-01   0.5581E-01    1.000    
 43    1.011       0.1081E-03   0.1446       0.1227E-09    518.2       0.5206E+14   0.3180E+05   0.3165E-01   0.6418E-01    1.000    
 44    1.011       0.7446E-04   0.9015E-01   0.1782E-09    759.2       0.7560E+14   0.3219E+05   0.4686E-01   0.8507E-01    1.000    
 45    1.010       0.5479E-04   0.5931E-01   0.2423E-09    1063.       0.1028E+15   0.3287E+05   0.6903E-01   0.1127        1.000    
 46    1.010       0.4137E-04   0.4095E-01   0.3211E-09    1446.       0.1362E+15   0.3406E+05   0.1015       0.1495        1.000    
 47    1.010       0.3195E-04   0.2851E-01   0.4159E-09    1931.       0.1765E+15   0.3504E+05   0.1487       0.1984        1.000    
 48    1.009       0.2513E-04   0.2015E-01   0.5291E-09    2548.       0.2245E+15   0.3623E+05   0.2173       0.2633        1.000    
 49    1.009       0.2002E-04   0.1450E-01   0.6646E-09    3341.       0.2820E+15   0.3760E+05   0.3164       0.3496        1.000    
 50    1.009       0.1551E-04   0.1044E-01   0.8585E-09    4562.       0.3642E+15   0.3960E+05   0.4854       0.4860        1.000    
 51    1.008       0.1241E-04   0.7829E-02   0.1073E-08    5964.       0.4554E+15   0.4134E+05   0.6948       0.6441        1.000    
 52    1.008       0.9986E-05   0.5825E-02   0.1335E-08    7794.       0.5665E+15   0.4337E+05   0.9867       0.8535        1.000    
 53    1.008       0.8046E-05   0.4392E-02   0.1659E-08   0.1021E+05   0.7036E+15   0.4568E+05    1.388        1.131        1.000    
 54    1.007       0.6477E-05   0.3338E-02   0.2062E-08   0.1341E+05   0.8749E+15   0.4825E+05    1.931        1.500        1.000    
 55    1.007       0.5202E-05   0.2555E-02   0.2569E-08   0.1769E+05   0.1090E+16   0.5108E+05    2.653        1.988        1.000    
 56    1.006       0.4162E-05   0.1961E-02   0.3215E-08   0.2348E+05   0.1364E+16   0.5416E+05    3.600        2.636        1.000    
 57    1.006       0.3318E-05   0.1497E-02   0.4037E-08   0.3131E+05   0.1713E+16   0.5749E+05    4.828        3.496        1.000    
 58    1.005       0.2640E-05   0.1142E-02   0.5078E-08   0.4187E+05   0.2154E+16   0.6110E+05    6.405        4.637        1.000    
 59    1.005       0.2094E-05   0.8744E-03   0.6410E-08   0.5621E+05   0.2719E+16   0.6498E+05    8.422        6.151        1.000    
 60    1.004       0.1655E-05   0.6678E-03   0.8118E-08   0.7571E+05   0.3444E+16   0.6913E+05    11.00        8.160        1.000    
 61    1.004       0.1305E-05   0.5077E-03   0.1030E-07   0.1022E+06   0.4372E+16   0.7353E+05    14.28        10.82        1.000    
 62    1.003       0.1028E-05   0.3835E-03   0.1310E-07   0.1382E+06   0.5556E+16   0.7822E+05    18.47        14.36        1.000    
 63    1.002       0.8109E-06   0.2874E-03   0.1663E-07   0.1867E+06   0.7056E+16   0.8322E+05    23.87        19.04        1.000    
 64    1.002       0.6410E-06   0.2141E-03   0.2107E-07   0.2519E+06   0.8939E+16   0.8862E+05    30.88        25.25        1.000    
 65    1.001       0.5085E-06   0.1591E-03   0.2660E-07   0.3390E+06   0.1128E+17   0.9447E+05    40.06        33.49        1.000    
 66    1.000       0.4050E-06   0.1195E-03   0.3344E-07   0.4550E+06   0.1419E+17   0.1008E+06    52.16        44.41        1.000    
 67    1.000       0.3754E-06   0.1081E-03   0.3610E-07   0.5022E+06   0.1532E+17   0.1031E+06    57.06        48.83        1.000    
